12.03.2020
DMSP 5D-2 F14 (USA 131) 
1 24753U 97012A   20071.86040815 -.00000029  00000-0  83934-5 0  9996
2 24753  99.0279  87.3221 0009732 119.6766 240.5377 14.15885309184408
NOAA 15                 
1 25338U 98030A   20071.90089335  .00000000  00000-0  18768-4 0  9992
2 25338  98.7275  97.3996 0010475 180.7019 179.4148 14.25954210135070
DMSP 5D-3 F15 (USA 147) 
1 25991U 99067A   20071.76390257 -.00000103  00000-0 -28890-4 0  9993
2 25991  98.9578  42.4424 0010379  23.6877 101.0367 14.16493855 46595
METEOSAT-8 (MSG-1)      
1 27509U 02040B   20071.65016730  .00000123  00000-0  00000+0 0  9992
2 27509   6.5546  54.5017 0001459 354.5241  36.1326  1.00273657 64301
DMSP 5D-3 F16 (USA 172) 
1 28054U 03048A   20071.85492083 -.00000086  00000-0 -21801-4 0  9995
2 28054  98.9020  51.2961 0008066 134.1039 341.5112 14.13665354845994
NOAA 18                 
1 28654U 05018A   20071.83526860  .00000052  00000-0  52798-4 0  9999
2 28654  99.0575 127.2940 0015007 143.6955 216.5237 14.12494610763131
METEOSAT-9 (MSG-2)      
1 28912U 05049B   20071.85798448  .00000001  00000-0  00000-0 0  9994
2 28912   4.2188  70.4946 0000996   8.1432  43.4330  1.00271562 52096
HIMAWARI-7 (MTSAT-2)    
1 28937U 06004A   20071.81445422 -.00000261  00000-0  00000-0 0  9999
2 28937   0.0639 299.9292 0001929  30.5973 277.6098  1.00273525 51548
FORMOSAT-3 FM6          
1 29047U 06011A   20071.73423687  .00000049  00000-0  35569-4 0  9995
2 29047  71.9787 309.4384 0051900 231.2304 128.4190 14.28719523727366
FORMOSAT-3 FM1          
1 29048U 06011B   20071.82087660  .00000026  00000-0  26498-4 0  9999
2 29048  71.9656 220.2841 0044223 190.1321 169.8929 14.28683874729867
FORMOSAT-3 FM5          
1 29049U 06011C   20071.89732225  .00000044  00000-0  33430-4 0  9995
2 29049  72.0218  31.2193 0036478 218.1179 141.7377 14.28766712725662
FORMOSAT-3 FM3          
1 29050U 06011D   20071.77474987  .00000124  00000-0  36409-4 0  9990
2 29050  72.0163 187.5484 0048798 144.2359 216.2079 14.58885581742089
FORMOSAT-3 FM4          
1 29051U 06011E   20071.75962487  .00000083  00000-0  48013-4 0  9994
2 29051  72.0045 293.7470 0066600  94.1125 266.7627 14.28796365728238
FORMOSAT-3 FM2          
1 29052U 06011F   20071.83618681  .00000048  00000-0  35080-4 0  9999
2 29052  72.0367   7.5014 0040362 178.2153 181.9136 14.28898712725759
GOES 13                 
1 29155U 06018A   20071.77549302  .00000021  00000-0  00000-0 0  9997
2 29155   0.3812 273.9604 0004927 319.1799 277.1556  1.00267892 20415
METOP-A                 
1 29499U 06044A   20071.74666549 -.00000002  00000-0  18532-4 0  9990
2 29499  98.5368 121.8196 0001315 123.4387 346.1636 14.21492508694824
DMSP 5D-3 F17 (USA 191) 
1 29522U 06050A   20071.83698627  .00000005  00000-0  25851-4 0  9990
2 29522  98.8085  89.6730 0011062  95.3635 264.8800 14.14018478688912
FENGYUN 3A              
1 32958U 08026A   20071.73772551 -.00000018  00000-0  10920-4 0  9996
2 32958  98.3998  62.5689 0007527 259.3970 100.6359 14.18620244610864
FENGYUN 2E              
1 33463U 08066A   20071.58744466 -.00000219  00000-0  00000-0 0  9996
2 33463   4.1371  68.7792 0004046 293.7817 105.3310  1.00272070 41149
NOAA 19                 
1 33591U 09005A   20071.90323018 -.00000024  00000-0  12686-4 0  9995
2 33591  99.1965  74.7094 0013829 353.5399   6.5591 14.12398286571365
GOES 14                 
1 35491U 09033A   20071.62120498 -.00000113  00000-0  00000+0 0  9994
2 35491   0.0904 101.9362 0008938 132.6012  54.6925  1.00271275 39202
METEOR-M 1              
1 35865U 09049A   20071.86961509 -.00000001  00000-0  18058-4 0  9991
2 35865  98.4325  63.0914 0003422 107.1534 253.0019 14.22229706543901
DMSP 5D-3 F18 (USA 210) 
1 35951U 09057A   20071.83434504  .00000047  00000-0  47684-4 0  9999
2 35951  98.6398  65.0337 0009960 289.7062  70.3036 14.13251461309896
GOES 15                 
1 36411U 10008A   20071.62552514  .00000037  00000-0  00000-0 0  9994
2 36411   0.3484 276.8405 0002212 130.2847 219.4050  1.00274947 36723
COMS 1                  
1 36744U 10032A   20071.73932243 -.00000363  00000-0  00000+0 0  9995
2 36744   0.0145 166.4229 0001165 212.5037 185.1655  1.00269341 35701
FENGYUN 3B              
1 37214U 10059A   20071.83265945  .00000014  00000-0  30189-4 0  9994
2 37214  99.0363  52.1097 0016932 179.8247 180.2937 14.15941424483866
SUOMI NPP               
1 37849U 11061A   20071.78344968  .00000007  00000-0  24229-4 0  9999
2 37849  98.7287  11.0589 0001161 103.8244 329.0617 14.19545396433778
FENGYUN 2F              
1 38049U 12002A   20071.99697985 -.00000375  00000-0  00000-0 0  9997
2 38049   1.8389  83.5526 0002493  40.2183 157.2327  1.00279104 29945
METEOSAT-10 (MSG-3)     
1 38552U 12035B   20071.71559425  .00000043  00000-0  00000+0 0  9998
2 38552   0.9991   3.0963 0000770 288.5831 145.1124  1.00265560 28275
METOP-B                 
1 38771U 12049A   20071.72887830 -.00000007  00000-0  16962-4 0  9991
2 38771  98.7048 132.4685 0000209  42.5015  68.3286 14.21487538388130
FENGYUN 3C              
1 39260U 13052A   20071.74917888 -.00000000  00000-0  21115-4 0  9998
2 39260  98.5648 125.9717 0012011 133.5176 226.6999 14.15833659334799
METEOR-M 2              
1 40069U 14037A   20071.92853742 -.00000017  00000-0  11587-4 0  9999
2 40069  98.5166 113.0901 0005327 190.8672 169.2396 14.20670714294363
HIMAWARI-8              
1 40267U 14060A   20071.81358186 -.00000295  00000-0  00000-0 0  9997
2 40267   0.0113 161.7191 0001010 224.5028 217.2101  1.00270813 19812
FENGYUN 2G              
1 40367U 14090A   20071.51091209 -.00000318  00000-0  00000-0 0  9994
2 40367   1.8501  96.0538 0003449 327.9464  29.0329  1.00266635 19085
METEOSAT-11 (MSG-4)     
1 40732U 15034A   20071.85728660 -.00000023  00000-0  00000-0 0  9997
2 40732   0.5349 227.0153 0000179  20.6623 230.7929  1.00266968 17092
ELEKTRO-L 2             
1 41105U 15074A   20071.94426081 -.00000115  00000-0  00000-0 0  9990
2 41105   0.9677  98.9054 0001784 289.4232 197.6841  1.00272431 15571
HIMAWARI-9              
1 41836U 16064A   20071.81358186 -.00000294  00000-0  00000-0 0  9995
2 41836   0.0201 164.4963 0001096 216.4750 222.6109  1.00269693 12248
GOES 16                 
1 41866U 16071A   20071.85118942 -.00000267  00000-0  00000-0 0  9994
2 41866   0.0400  45.6351 0000958 347.9206   7.6265  1.00271729 12163
FENGYUN 4A              
1 41882U 16077A   20071.89056795 -.00000347  00000-0  00000-0 0  9998
2 41882   0.1219  84.8875 0004630  18.3834 131.8275  1.00264782 12031
CYGFM05                 
1 41884U 16078A   20071.33505096  .00000277  00000-0  16342-4 0  9994
2 41884  34.9569 309.4180 0016747 250.1995 109.6911 15.14566968179223
CYGFM04                 
1 41885U 16078B   20071.33846897  .00000293  00000-0  16990-4 0  9999
2 41885  34.9500 303.1225 0015144 259.0691 100.8317 15.15075953179280
CYGFM02                 
1 41886U 16078C   20071.00183322  .00000295  00000-0  17091-4 0  9996
2 41886  34.9594 306.8788 0015868 252.7594 107.1380 15.15076508179224
CYGFM01                 
1 41887U 16078D   20071.35749391  .00000265  00000-0  15789-4 0  9998
2 41887  34.9540 310.2643 0017212 251.1682 108.7163 15.14380652179213
CYGFM08                 
1 41888U 16078E   20071.70573209  .00000304  00000-0  17674-4 0  9990
2 41888  34.9505 304.2951 0016413 260.1823  99.7035 15.14793971179296
CYGFM06                 
1 41889U 16078F   20071.70517547  .00000300  00000-0  17339-4 0  9998
2 41889  34.9588 301.1946 0014857 258.7383 101.1659 15.15070098179336
CYGFM07                 
1 41890U 16078G   20071.02461408  .00000310  00000-0  17882-4 0  9993
2 41890  34.9527 304.5637 0014604 255.7139 104.1951 15.15069388179238
CYGFM03                 
1 41891U 16078H   20071.01972821  .00000308  00000-0  17795-4 0  9999
2 41891  34.9556 304.8112 0014076 254.6194 105.2962 15.15065235179235
FENGYUN 3D              
1 43010U 17072A   20071.83030592 -.00000035  00000-0  41629-5 0  9991
2 43010  98.7421  12.3197 0002056  37.6085 322.5230 14.19737436120348
NOAA 20                 
1 43013U 17073A   20071.73452828 -.00000002  00000-0  20119-4 0  9998
2 43013  98.7487  11.1751 0000700  88.6147 271.5109 14.19541550119790
GOES 17                 
1 43226U 18022A   20071.68637022  .00000079  00000-0  00000-0 0  9990
2 43226   0.0077  20.3831 0001410 341.3434 277.9350  1.00270069  7485
FENGYUN 2H              
1 43491U 18050A   20071.94495870 -.00000148  00000-0  00000-0 0  9995
2 43491   0.8909 276.9059 0001564 214.8643  97.7635  1.00270383  6569
METOP-C                 
1 43689U 18087A   20071.74420615 -.00000011  00000-0  14874-4 0  9994
2 43689  98.7110 132.7024 0001055 253.8086 106.2975 14.21484838 69716
GEO-KOMPSAT-2A          
1 43823U 18100A   20071.59573207 -.00000363  00000-0  00000+0 0  9990
2 43823   0.0297 342.3668 0001910  70.0855  99.9388  1.00268260  4711
IOD-1 GEMS              
1 44385U 98067QK  20071.79220624  .00012916  00000-0  18077-3 0  9991
2 44385  51.6395 102.7334 0003006 342.6687  17.4202 15.57175958 39269
METEOR-M2 2             
1 44387U 19038A   20071.88787335 -.00000032  00000-0  50795-5 0  9993
2 44387  98.6078  33.9289 0002021 124.8444 235.2925 14.23676842 35652
