09.03.2020
DMSP 5D-2 F14 (USA 131) 
1 24753U 97012A   20068.53908161 -.00000035  00000-0  53516-5 0  9993
2 24753  99.0280  83.9573 0009634 128.2599 231.9442 14.15885262183935
NOAA 15                 
1 25338U 98030A   20069.09416122  .00000025  00000-0  29186-4 0  9990
2 25338  98.7278  94.6042 0010317 188.8805 171.2194 14.25953930134924
DMSP 5D-3 F15 (USA 147) 
1 25991U 99067A   20068.92668458 -.00000099  00000-0 -27155-4 0  9995
2 25991  98.9574  39.5878 0010496  31.2793  33.4619 14.16494200 46192
METEOSAT-8 (MSG-1)      
1 27509U 02040B   20068.63524243  .00000128  00000-0  00000+0 0  9994
2 27509   6.5487  54.5121 0001231 345.6425  36.6490  1.00272244 64278
DMSP 5D-3 F16 (USA 172) 
1 28054U 03048A   20068.94184035 -.00000090  00000-0 -23934-4 0  9990
2 28054  98.9017  48.3968 0007947 141.8432 276.7917 14.13665573845583
NOAA 18                 
1 28654U 05018A   20068.86015417  .00000100  00000-0  78883-4 0  9996
2 28654  99.0581 124.2867 0014899 151.6434 208.5551 14.12493922762710
METEOSAT-9 (MSG-2)      
1 28912U 05049B   20068.84298519  .00000004  00000-0  00000+0 0  9995
2 28912   4.2118  70.5041 0000707   3.4509  39.7514  1.00270886 52101
HIMAWARI-7 (MTSAT-2)    
1 28937U 06004A   20068.92033689 -.00000258  00000-0  00000+0 0  9990
2 28937   0.0697 297.8252 0001984  28.1794 317.3741  1.00274415 51377
FORMOSAT-3 FM6          
1 29047U 06011A   20068.86356558  .00000026  00000-0  26735-4 0  9997
2 29047  71.9792 315.2975 0052025 236.0571 123.5614 14.28719077726967
FORMOSAT-3 FM1          
1 29048U 06011B   20068.88011468  .00000037  00000-0  30912-4 0  9992
2 29048  71.9654 226.2896 0044366 195.1223 164.8590 14.28683472729442
FORMOSAT-3 FM5          
1 29049U 06011C   20068.32660088  .00000046  00000-0  34307-4 0  9992
2 29049  72.0213  38.4912 0036662 224.1260 135.6951 14.28766149725156
FORMOSAT-3 FM3          
1 29050U 06011D   20068.75769598  .00000097  00000-0  30797-4 0  9992
2 29050  72.0161 194.0001 0049007 149.7782 210.6215 14.58884423741644
FORMOSAT-3 FM4          
1 29051U 06011E   20068.74908464  .00000089  00000-0  50219-4 0  9991
2 29051  72.0050 299.8838 0066608  99.4553 261.4121 14.28795775727807
FORMOSAT-3 FM2          
1 29052U 06011F   20068.89586028  .00000025  00000-0  26030-4 0  9990
2 29052  72.0365  13.4858 0040535 183.3453 176.7419 14.28898200725333
GOES 13                 
1 29155U 06018A   20068.49566492  .00000024  00000-0  00000-0 0  9994
2 29155   0.3902 274.1352 0005244 321.5895 170.6508  1.00267835 50532
METOP-A                 
1 29499U 06044A   20068.79071150 -.00000001  00000-0  18932-4 0  9992
2 29499  98.5374 118.9603 0001235 125.7907 345.6714 14.21492237694588
DMSP 5D-3 F17 (USA 191) 
1 29522U 06050A   20069.07734700  .00000023  00000-0  35009-4 0  9992
2 29522  98.8085  86.9531 0011044 102.4660 257.7749 14.14018189688551
FENGYUN 3A              
1 32958U 08026A   20068.56382679  .00000003  00000-0  21067-4 0  9998
2 32958  98.3993  59.5623 0007520 270.0185  90.0130 14.18620101610528
FENGYUN 2E              
1 33463U 08066A   20068.85964725 -.00000216  00000-0  00000-0 0  9991
2 33463   4.1317  68.7747 0004064 293.7968 200.6217  1.00272683 41118
NOAA 19                 
1 33591U 09005A   20068.92792925  .00000017  00000-0  34823-4 0  9998
2 33591  99.1962  71.6570 0013982   1.9596 358.1627 14.12397996570946
GOES 14                 
1 35491U 09033A   20068.57618552 -.00000109  00000-0  00000-0 0  9993
2 35491   0.0822 102.5418 0009190 133.1533  34.3311  1.00271413 39146
METEOR-M 1              
1 35865U 09049A   20068.84447103  .00000018  00000-0  26883-4 0  9996
2 35865  98.4321  60.1976 0003362 113.1468 247.0065 14.22229408543474
DMSP 5D-3 F18 (USA 210) 
1 35951U 09057A   20069.07320292  .00000047  00000-0  47696-4 0  9993
2 35951  98.6395  62.3676 0010037 298.3574  61.6586 14.13251082535826
GOES 15                 
1 36411U 10008A   20068.69910361  .00000040  00000-0  00000+0 0  9998
2 36411   0.3559 276.8998 0002003 123.9407 249.2644  1.00274161 36696
COMS 1                  
1 36744U 10032A   20068.50901201 -.00000360  00000-0  00000-0 0  9994
2 36744   0.0187 149.7367 0001163 209.6856 118.6001  1.00270024 28111
FENGYUN 3B              
1 37214U 10059A   20068.86478016  .00000010  00000-0  28216-4 0  9992
2 37214  99.0359  49.1001 0016760 188.4095 171.6806 14.15940952483446
SUOMI NPP               
1 37849U 11061A   20068.74252587 -.00000008  00000-0  17047-4 0  9998
2 37849  98.7284   8.0620 0001113 104.4259 276.9840 14.19545126433349
FENGYUN 2F              
1 38049U 12002A   20068.86470693 -.00000372  00000-0  00000-0 0  9991
2 38049   1.8320  83.5657 0002468  42.3244 104.3205  1.00281056 29912
METEOSAT-10 (MSG-3)     
1 38552U 12035B   20068.34178073  .00000048  00000-0  00000+0 0  9994
2 38552   1.0000   2.6409 0001065 283.4793  12.8557  1.00264589 28233
METOP-B                 
1 38771U 12049A   20068.77194678 -.00000008  00000-0  16459-4 0  9995
2 38771  98.7054 129.5523 0000350  33.8922  73.8095 14.21487261387717
FENGYUN 3C              
1 39260U 13052A   20069.13440093 -.00000006  00000-0  18367-4 0  9998
2 39260  98.5654 123.4577 0011905 140.5278 219.6766 14.15833406334429
METEOR-M 2              
1 40069U 14037A   20069.11136731 -.00000042  00000-0  20400-6 0  9993
2 40069  98.5172 110.3757 0005111 200.3818 159.7162 14.20670393293962
HIMAWARI-8              
1 40267U 14060A   20068.96299426 -.00000292  00000-0  00000+0 0  9996
2 40267   0.0346 136.9999 0000932 221.6302 295.7917  1.00269805 19887
FENGYUN 2G              
1 40367U 14090A   20068.86226433 -.00000316  00000-0  00000-0 0  9995
2 40367   1.8440  96.0927 0003450 328.6439 152.2212  1.00267900 19065
METEOSAT-11 (MSG-4)     
1 40732U 15034A   20068.69875019 -.00000020  00000-0  00000-0 0  9993
2 40732   0.5395 227.6727 0000202  16.4275 174.2407  1.00266394 17051
ELEKTRO-L 2             
1 41105U 15074A   20068.93313207 -.00000113  00000-0  00000-0 0  9998
2 41105   0.9599  98.9974 0001572 291.6670 188.3772  1.00273360 15540
HIMAWARI-9              
1 41836U 16064A   20068.72684017 -.00000290  00000-0  00000-0 0  9992
2 41836   0.0199 173.9014 0001139 186.1427 209.2644  1.00270397 12213
GOES 16                 
1 41866U 16071A   20068.59077005 -.00000263  00000-0  00000-0 0  9991
2 41866   0.0371  62.2051 0000834 313.2810 288.7279  1.00272474 12134
FENGYUN 4A              
1 41882U 16077A   20068.86322392 -.00000345  00000-0  00000-0 0  9998
2 41882   0.1145  83.8774 0004477  20.5486 117.9191  1.00266565 12003
CYGFM05                 
1 41884U 16078A   20068.76427487  .00000308  00000-0  18016-4 0  9999
2 41884  34.9572 325.3852 0016598 228.1302 131.7993 15.14565445178832
CYGFM04                 
1 41885U 16078B   20068.76855685  .00000295  00000-0  17082-4 0  9992
2 41885  34.9503 319.0983 0015052 237.3733 122.5526 15.15074192178897
CYGFM02                 
1 41886U 16078C   20068.82729306  .00000302  00000-0  17446-4 0  9993
2 41886  34.9597 320.3953 0015774 234.3175 125.6068 15.15074953178891
CYGFM01                 
1 41887U 16078D   20068.78640142  .00000291  00000-0  17175-4 0  9995
2 41887  34.9543 326.2297 0017068 229.2233 130.6997 15.14379041178820
CYGFM08                 
1 41888U 16078E   20069.06943339  .00000289  00000-0  16885-4 0  9996
2 41888  34.9509 320.6764 0016283 237.5914 122.3222 15.14792300178899
CYGFM06                 
1 41889U 16078F   20068.93756590  .00000303  00000-0  17497-4 0  9990
2 41889  34.9593 318.3974 0014733 235.1606 124.7720 15.15068295178912
CYGFM07                 
1 41890U 16078G   20068.78416818  .00000301  00000-0  17395-4 0  9996
2 41890  34.9530 318.4907 0014493 236.6707 123.2617 15.15067957178893
CYGFM03                 
1 41891U 16078H   20068.77927577  .00000290  00000-0  16834-4 0  9999
2 41891  34.9559 318.7376 0013965 235.5928 124.3463 15.15063694178899
FENGYUN 3D              
1 43010U 17072A   20068.79987238 -.00000005  00000-0  18569-4 0  9993
2 43010  98.7417   9.3269 0002162  43.8794 316.2565 14.19737601119919
NOAA 20                 
1 43013U 17073A   20068.70367585 -.00000011  00000-0  15643-4 0  9992
2 43013  98.7483   8.1814 0000692  83.4193 276.7062 14.19541344119365
GOES 17                 
1 43226U 18022A   20068.64329528  .00000082  00000-0  00000-0 0  9995
2 43226   0.0459 327.8321 0000706  41.6327 251.6970  1.00273270  7435
FENGYUN 2H              
1 43491U 18050A   20068.93313207 -.00000146  00000-0  00000-0 0  9991
2 43491   0.8982 276.9705 0001642 220.5544  84.8060  1.00271081  6531
METOP-C                 
1 43689U 18087A   20068.78788106 -.00000001  00000-0  19372-4 0  9993
2 43689  98.7117 129.7847 0001009 271.2681  88.8381 14.21484643 69299
GEO-KOMPSAT-2A          
1 43823U 18100A   20068.91478743 -.00000360  00000-0  00000+0 0  9998
2 43823   0.0192 131.1371 0001656 273.6334 219.8796  1.00267804  4685
IOD-1 GEMS              
1 44385U 98067QK  20068.51912859  .00012138  00000-0  17085-3 0  9999
2 44385  51.6401 119.1245 0002963 329.2094  30.8724 15.57088442 38745
METEOR-M2 2             
1 44387U 19038A   20069.14693271 -.00000040  00000-0  15356-5 0  9997
2 44387  98.6073  31.2467 0001916 129.3916 230.7433 14.23676793 35268
